[ 0.  0.  0.  0.  0.  0.  0.  0.  0.  0.  0.  0.  0.  0.  0.  0.  0.  0.
  0.  0.  0.  0.  0.  0.  0.  0.  0.  0.  0.  0.  0.  0.  0.  0.  0.  0.
 14.  0.  0.  0.  0.  0.  0.  0.  0.  0.  0.  0.  0.  0.  0.  0. 13. 18.
  0.  0.  8.  0.  0.  0.  0.  0.  0.  0.  0.  0.  0. 21. 11.  0.  7.  0.
  0.  0.  0.  0.  0.  0.  0.  0.  0.  0. 23. 17.  5. 10.  0.  0.  0.  0.
  0.  0.  0.  0.  0.  0. 16. 15.  3. 19.  9. 20.  0.  0.  0.  0.  0.  0.
  0.  0.  0.  0.  1.  0.  6. 22. 12.  0.  0.  0.  0.  0.  0.  0.  0.  0.
  4.  0.  2.  0.  0.  0.  0.  0.  0.  0.  0.  0.  0.  0.  0.  0.  0.  0.
  0.  0.  0.  0.  0.  0.  0.  0.  0.  0.  0.  0.  0.  0.  0.  0.  0.  0.
  0.  0.  0.  0.  0.  0.  0.  0.  0.  0.  0.  0.  0.  0.  0.  0.  0.  0.
  0.  0.  0.  0.  0.  0.  0.  0.  0.  0.  0.  0.  0.  0.  0.  0.  0.  0.
  0.  0.  0.  0.  0.  0.  0.  0.  0.  0.  0.  0.  0.  0.  0.  0.  0.  0.
  0.  0.  0.  0.  0.  0.  0.  0.  0.]