[ 0.  0.  0.  0.  0.  0.  0.  0.  0.  0.  0.  0.  0.  0.  0.  0.  0.  0.
  0.  0.  0.  0.  0.  0.  0.  0.  0.  0.  0.  0.  0.  0.  0.  0.  0.  0.
 19. 28.  0.  0.  0.  0.  0.  0.  0.  0.  0.  0.  0.  0.  9. 18.  0.  0.
 13.  0.  0.  0.  0.  0.  0.  0.  0.  0. 21. 20.  8. 23. 10.  0.  0.  0.
  0.  0.  0.  0.  0.  0. 22. 24. 25. 16.  4. 11.  5.  0.  0.  0.  0.  0.
  0.  0.  0. 26.  0.  0. 12.  3.  2.  0.  0.  0.  0.  0.  0.  0.  0. 27.
  0.  0. 14. 17.  1.  0.  6.  0.  0.  0.  0.  0.  0.  0.  0.  0. 15.  0.
  0.  0.  0.  0.  7.  0.  0.  0.  0.  0.  0.  0.  0.  0.  0.  0.  0.  0.
  0.  0.  0.  0.  0.  0.  0.  0.  0.  0.  0.  0.  0.  0.  0.  0.  0.  0.
  0.  0.  0.  0.  0.  0.  0.  0.  0.  0.  0.  0.  0.  0.  0.  0.  0.  0.
  0.  0.  0.  0.  0.  0.  0.  0.  0.  0.  0.  0.  0.  0.  0.  0.  0.  0.
  0.  0.  0.  0.  0.  0.  0.  0.  0.  0.  0.  0.  0.  0.  0.  0.  0.  0.
  0.  0.  0.  0.  0.  0.  0.  0.  0.]