[ 0.  0.  0.  0.  0.  0.  0.  0.  0.  0.  0.  0.  0.  0.  0.  0.  0.  0.
  0.  0.  0.  0.  0.  0.  0.  0.  0.  0.  0.  0.  0.  0.  0.  0.  0.  0.
  0.  0.  0.  0.  0.  0.  0.  0.  0.  0.  0.  0.  0.  0.  0.  0.  0.  0.
  0.  0.  0.  0.  0.  0.  0.  0.  0.  0.  8.  0.  0.  0.  0.  0.  0.  0.
  0.  0.  0.  0.  0.  0.  0.  0.  7.  0.  9.  0.  0.  0.  0.  0.  0.  0.
  0.  0.  0.  0.  0. 11.  3.  0.  0. 19.  0. 29.  0.  0.  0.  0.  0.  0.
  0.  0.  0.  2.  1. 18. 25. 28.  0.  0.  0.  0.  0.  0.  0.  0.  0.  0.
 34.  4.  5. 24.  0.  0.  0.  0.  0.  0.  0.  0.  0.  0. 17. 16. 14. 10.
  6. 15.  0.  0.  0.  0.  0.  0.  0.  0.  0. 20.  0. 26. 30. 12. 31.  0.
  0.  0.  0.  0.  0.  0.  0. 21.  0. 27.  0.  0. 22. 13.  0.  0.  0.  0.
  0.  0.  0.  0.  0.  0.  0.  0.  0. 23. 32.  0.  0.  0.  0.  0.  0.  0.
  0.  0.  0.  0.  0.  0.  0.  0. 33.  0.  0.  0.  0.  0.  0.  0.  0.  0.
  0.  0.  0.  0.  0.  0.  0.  0.  0.]