[ 0.  0.  0.  0.  0.  0.  0.  0.  0.  0.  0.  0.  0.  0.  0.  0.  0.  0.
  0.  0.  0.  0.  0.  0.  0.  0.  0.  0.  0.  0.  0.  0.  0.  0.  0.  0.
  0.  0.  0.  0.  0.  0.  0.  0.  0.  0.  0.  0.  0.  0.  0.  0.  0.  0.
  0.  0.  0.  0.  0.  0.  0.  0.  0.  0.  0.  0.  0.  0.  0.  0.  0.  0.
  0.  0.  0.  0.  0.  0.  0.  0.  0.  0.  0.  0.  0.  0.  0.  0.  0.  0.
  0.  0.  0.  0.  0.  0.  0.  0.  0.  9.  0.  0.  0.  0.  0.  0.  0.  0.
  0.  0.  3. 15.  1.  6.  0.  0.  0.  0.  0.  0.  0.  0.  0.  0.  0.  0.
  5.  8.  7.  0.  0.  0.  0.  0.  0.  0.  0.  0.  0. 14. 16.  4. 12.  2.
 13.  0.  0.  0.  0.  0.  0.  0.  0.  0.  0. 11.  0.  0.  0.  0.  0.  0.
  0.  0.  0.  0.  0.  0.  0. 10.  0.  0.  0.  0.  0.  0.  0.  0.  0.  0.
  0.  0.  0.  0.  0.  0.  0.  0.  0.  0.  0.  0.  0.  0.  0.  0.  0.  0.
  0.  0.  0.  0.  0.  0.  0.  0.  0.  0.  0.  0.  0.  0.  0.  0.  0.  0.
  0.  0.  0.  0.  0.  0.  0.  0.  0.]