[ 0.  0.  0.  0.  0.  0.  0.  0.  0.  0.  0.  0.  0.  0.  0.  0.  0.  0.
  0.  0.  0.  0.  0.  0.  0.  0.  0.  0.  0.  0.  0.  0.  0.  0. 39.  0.
  0.  0.  0. 38. 16. 22.  0.  0.  0.  0.  0.  0.  0.  0. 37.  0. 28. 32.
  0. 15.  8.  0.  0.  0.  0.  0.  0.  0.  0.  0. 35. 27. 26. 21.  7.  0.
  0.  0.  0.  0.  0.  0.  0.  0.  0. 20. 19. 17.  5. 11. 18.  0.  0.  0.
  0.  0.  0.  0. 30. 29. 25. 23.  3.  4.  9. 31.  0.  0.  0.  0.  0.  0.
  0.  0.  0. 24.  1.  2. 36. 14.  0. 33.  0.  0.  0.  0.  0.  0.  0.  0.
  6. 10.  0.  0.  0.  0.  0. 34.  0.  0.  0.  0.  0.  0.  0. 12.  0.  0.
  0.  0.  0.  0.  0.  0.  0.  0.  0.  0.  0. 13.  0.  0.  0.  0.  0.  0.
  0.  0.  0.  0.  0.  0.  0.  0.  0.  0.  0.  0.  0.  0.  0.  0.  0.  0.
  0.  0.  0.  0.  0.  0.  0.  0.  0.  0.  0.  0.  0.  0.  0.  0.  0.  0.
  0.  0.  0.  0.  0.  0.  0.  0.  0.  0.  0.  0.  0.  0.  0.  0.  0.  0.
  0.  0.  0.  0.  0.  0.  0.  0.  0.]